Linear time: 0
Parallel time: 0
Par:
-795755684 581869302 -404620562 -708632711 545404204 -133711905 -372047867 949333985 -1579004998 1323567403 
418932835 -1944672731 1196140740 809094426 -1946129057 -30574576 -182506777 -15198492 -150802599 -138749190 
676943009 -1177512687 -126303053 -81133257 -183966550 471852626 2084672536 -867128743 -857788836 1275731771 
1 1 1 1 1 1 1 1 -173978709 -2131752568 
1 1 1 1 1 1 1 1 -1379821989 1712568902 
1 1 1 1 1 1 1 1 735241234 1296707006 
1 1 1 1 1 1 1 1 417177801 -25475623 
1 1 1 1 1 1 1 1 147944788 -1444803288 
1 1 1 1 1 1 1 1 802611720 1755486969 
1 1 1 1 1 1 1 1 -1053612696 -826647952 
1 1 1 1 1 1 1 1 511091141 1958646067 
1 1 1 1 1 1 1 1 961264978 76338300 
1 1 1 1 1 1 1 1 -468566954 1817480335 
1 1 1 1 1 1 1 1 1105989508 -817183891 
1 1 1 1 1 1 1 1 -303810411 933029415 
1 1 1 1 1 1 1 1 2032760103 -53860493 
1 1 1 1 1 1 1 1 -355650503 -1308964798 
1 1 1 1 1 1 1 1 -1856191917 -2029924129 
1 1 1 1 1 1 1 1 -283421978 -150468287 
1 1 1 1 1 1 1 1 1447930741 1668894615 
Linear:
-795755684 581869302 -404620562 -708632711 545404204 -133711905 -372047867 949333985 -1579004998 1323567403 
418932835 -1944672731 1196140740 809094426 -1946129057 -30574576 -182506777 -15198492 -150802599 -138749190 
676943009 -1177512687 -126303053 -81133257 -183966550 471852626 2084672536 -867128743 -857788836 1275731771 
1 1 1 1 1 1 1 1 -173978709 -2131752568 
1 1 1 1 1 1 1 1 -1379821989 1712568902 
1 1 1 1 1 1 1 1 735241234 1296707006 
1 1 1 1 1 1 1 1 417177801 -25475623 
1 1 1 1 1 1 1 1 147944788 -1444803288 
1 1 1 1 1 1 1 1 802611720 1755486969 
1 1 1 1 1 1 1 1 -1053612696 -826647952 
1 1 1 1 1 1 1 1 511091141 1958646067 
1 1 1 1 1 1 1 1 961264978 76338300 
1 1 1 1 1 1 1 1 -468566954 1817480335 
1 1 1 1 1 1 1 1 1105989508 -817183891 
1 1 1 1 1 1 1 1 -303810411 933029415 
1 1 1 1 1 1 1 1 2032760103 -53860493 
1 1 1 1 1 1 1 1 -355650503 -1308964798 
1 1 1 1 1 1 1 1 -1856191917 -2029924129 
1 1 1 1 1 1 1 1 -283421978 -150468287 
1 1 1 1 1 1 1 1 1447930741 1668894615 
